0 0.0 0.0 -0.338987223835
1 0.0222525596619 0.0222525596619 0.401002604219
2 0.0267885923386 0.00453603267665 -0.188145339061
3 0.0253419876099 0.0 -0.338987223835
4 0.0276585817337 0.00231659412385 -0.261950868762
5 0.025347828865 0.0 -0.338987223835
6 0.152933478355 0.12758564949 3.90376436354
7 0.151908993721 0.0 -0.338987223835
8 0.243829488754 0.091920495033 2.71775017391
9 0.244387626648 0.000558137894 -0.320426825818
10 0.244021654129 0.0 -0.338987223835
11 0.243898510933 0.0 -0.338987223835
12 0.243772029877 0.0 -0.338987223835
13 0.248087525368 0.004315495491 -0.195479114436
14 0.243930101394 0.0 -0.338987223835
15 0.244269490242 0.0003393888475 -0.327701138156
16 0.24565243721 0.001382946968 -0.292998505925
17 0.249898552894 0.0042461156845 -0.197786280527
18 0.249712467194 0.0 -0.338987223835
19 0.247294545173 0.0 -0.338987223835
20 0.246804475784 0.0 -0.338987223835
21 0.251310586929 0.004506111145 -0.189140353989
22 0.247285842896 0.0 -0.338987223835
23 0.248365998268 0.0010801553725 -0.303067581308
24 0.247520446778 0.0 -0.338987223835
25 0.245879411697 0.0 -0.338987223835
